0.631783
-2.84217e-14
-2.84217e-14
0.453339
0.58333
0.631615
0.619343
-2.84217e-14
-2.84217e-14
0.453339
0.58333
0.453339
-2.84217e-14
-2.84217e-14
0.58333
-2.84217e-14
0.619343
0.453339
-2.84217e-14
0.631055
0.453339
-2.84217e-14
0.453339
-2.84217e-14
0.628725
-2.84217e-14
0.631615
0.619343
-2.84217e-14
-2.84217e-14
0.58333
-2.84217e-14
0.453339
-2.84217e-14
0.58333
-2.84217e-14
-2.84217e-14
0.58333
0.453339
0.453339
-2.84217e-14
-2.84217e-14
0.619343
0.619343
-2.84217e-14
0.58333
-2.84217e-14
0.631055
0.631055
0.631746
0.453339
0.58333
-2.84217e-14
0.58333
0.619343
-2.84217e-14
-2.84217e-14
0.628725
-2.84217e-14
-2.84217e-14
0.631746
0.453339
-2.84217e-14
-2.84217e-14
0.453339
0.58333
-2.84217e-14
0.453339
-2.84217e-14
0.628725
-2.84217e-14
-2.84217e-14
-2.84217e-14
-2.84217e-14
-2.84217e-14
-2.84217e-14
-2.84217e-14
-2.84217e-14
-2.84217e-14
-2.84217e-14
-2.84217e-14
-2.84217e-14
-2.84217e-14
-2.84217e-14
0.453339
0.453339
0.628725
-2.84217e-14
0.628725
-2.84217e-14
0.453339
0.453339
0.453339
0.619343
-2.84217e-14
0.453339
0.58333
0.58333
-2.84217e-14
0.453339
0.619343
