4.40919
4.22475
4.19346
4.32206
4.70153
4.19555
4.08554
4.54982
4.04356
4.61327
4.40751
4.74232
4.22855
4.38383
4.75568
4.07387
4.6734
4.65981
4.49981
4.19697
4.42062
4.03517
4.29074
4.49871
4.30348
4.48548
4.39293
4.26146
4.46402
4.07966
4.38389
4.558
4.41367
4.59919
4.89184
4.28975
4.4182
4.63157
4.2639
4.35403
4.47179
4.74326
4.61964
4.24669
4.78825
4.1526
4.03944
4.10867
4.6735
4.2739
4.39375
4.34915
4.13329
4.21597
4.07188
4.55238
4.06872
4.75184
4.42886
4.51999
4.07887
4.02071
4.17395
4.50027
4.60266
4.31526
4.07254
4.4611
4.19627
4.59965
4.83177
4.54772
4.09991
4.19068
4.17634
4.6081
4.13326
4.54845
4.68452
4.33751
4.146
4.63554
4.46893
4.26531
4.25045
4.36432
4.43106
4.52396
4.32912
4.35668
4.59923
4.27541
4.05446
4.51083
4.52666
4.25381
4.07042
4.29631
4.40467
4.27134
4.5208
