3.42773
3.24708
3.21574
3.34547
3.71641
3.22034
3.11024
3.56576
3.06816
3.63002
3.42678
3.75595
3.25024
3.40329
3.76842
3.098
3.68959
3.67451
3.51897
3.2196
3.44059
3.06146
3.31099
3.517
3.32455
3.50294
3.41245
3.28262
3.48225
3.10326
3.40499
3.57556
3.43353
3.6163
3.90441
3.31025
3.43804
3.64731
3.28655
3.37577
3.49025
3.75852
3.63451
3.27084
3.8009
3.1784
3.06625
3.1351
3.6887
3.29481
3.4131
3.36951
3.15911
3.23853
3.0969
3.56896
3.09327
3.76738
3.44732
3.53793
3.10444
3.04726
3.19654
3.51874
3.62041
3.33558
3.09928
3.48111
3.21823
3.6159
3.84493
3.56578
3.12462
3.21604
3.20049
3.626
3.15625
3.56691
3.69979
3.3588
3.16885
3.65179
3.48695
3.28865
3.27354
3.38573
3.45026
3.54198
3.34949
3.37742
3.61461
3.29641
3.08015
3.5307
3.5456
3.27587
3.09509
3.31946
3.4252
3.29294
3.53935
