4.94057
2.91564
2.85523
2.44975
4.82055
3.41904
2.75726
3.17003
3.41764
3.77346
2.68068
4.77888
2.33353
3.56773
4.67786
3.10437
4.18163
4.0019
3.06363
3.9292
4.14739
2.09579
4.19973
3.88091
3.21592
2.51135
3.12323
3.57236
3.75689
0.422102
3.61604
3.34727
3.07845
3.47895
3.6535
3.15301
2.97178
3.97233
1.54819
3.32798
3.2166
3.41092
4.94688
3.3043
3.19995
2.66646
3.87344
1.99038
3.83823
3.38147
3.88807
3.07513
4.34745
3.58478
1.56855
3.63304
1.42499
4.00922
3.58913
4.33425
2.94211
3.52995
3.45949
3.97743
4.59333
2.97633
3.75775
3.62752
2.41651
4.64623
3.99783
3.63257
2.97848
2.16732
2.63111
2.74423
2.79678
4.64549
3.52883
3.10262
3.7642
3.85745
3.0591
3.64759
4.45856
3.19341
3.63001
4.91963
2.77639
3.05885
3.37926
3.66946
2.55854
3.67962
3.80718
4.01104
1.92494
4.10254
2.86641
2.34876
4.36999
